# Game Level Exporter v1.0
MESH
PlayerRef
<Matrix 4x4 ( 0.5000,  0.0000,  0.0000, 0.0000)
            ( 0.0000,  0.0000,  0.5000, 0.0000)
            ( 0.0000, -1.0000,  0.0000, 0.0000)
            (-9.0000,  1.0000, -2.0000, 1.0000)>
MESH
Pillar_Base
<Matrix 4x4 (1.0000,  0.0000, 0.0000, 0.0000)
            (0.0000,  0.0000, 1.0000, 0.0000)
            (0.0000, -1.0000, 0.0000, 0.0000)
            (0.0000,  0.0000, 0.0000, 1.0000)>
MESH
Pillar Middle
<Matrix 4x4 (1.0000,  0.0000, 0.0000, 0.0000)
            (0.0000,  0.0000, 1.0000, 0.0000)
            (0.0000, -1.6098, 0.0000, 0.0000)
            (0.0000,  6.0000, 0.0000, 1.0000)>
MESH
Floor_6m
<Matrix 4x4 (1.0000,  0.0000,  0.0000, 0.0000)
            (0.0000,  0.0000,  1.0000, 0.0000)
            (0.0000, -1.0000,  0.0000, 0.0000)
            (0.0000,  0.0000, -6.0000, 1.0000)>
MESH
Wall_Base
<Matrix 4x4 (1.0000,  0.0000, 0.0000, 0.0000)
            (0.0000,  0.0000, 0.5000, 0.0000)
            (0.0000, -1.0000, 0.0000, 0.0000)
            (0.0000,  0.0000, 0.0000, 1.0000)>
MESH
Wall_Top
<Matrix 4x4 (1.0000,  0.0000, 0.0000, 0.0000)
            (0.0000,  0.0000, 1.0000, 0.0000)
            (0.0000, -1.0000, 0.0000, 0.0000)
            (0.0000, 12.0000, 0.0000, 1.0000)>
MESH
Wall_Middle
<Matrix 4x4 (1.0000,  0.0000, 0.0000, 0.0000)
            (0.0000,  0.0000, 0.5000, 0.0000)
            (0.0000, -1.0000, 0.0000, 0.0000)
            (0.0000,  6.0000, 0.0000, 1.0000)>
MESH
Pillar_Top
<Matrix 4x4 ( 1.0000,  0.0000, 0.0000, 0.0000)
            ( 0.0000,  0.0000, 1.0000, 0.0000)
            ( 0.0000, -1.6098, 0.0000, 0.0000)
            (-0.0000, 12.0000, 0.0000, 1.0000)>
MESH
Stairs_Center
<Matrix 4x4 (3.0000,  0.0000,  0.0000, 0.0000)
            (0.0000,  0.0000,  0.3750, 0.0000)
            (0.0000, -0.2500,  0.0000, 0.0000)
            (6.0000,  0.0000, -6.0000, 1.0000)>
MESH
Stairs_BottomLeft
<Matrix 4x4 (3.0000,  0.0000,  0.0000, 0.0000)
            (0.0000,  0.0000,  0.3750, 0.0000)
            (0.0000, -0.2500,  0.0000, 0.0000)
            (6.0000,  0.0000, -6.0000, 1.0000)>
MESH
Stairs_BottomRight
<Matrix 4x4 (3.0000,  0.0000,  0.0000, 0.0000)
            (0.0000,  0.0000,  0.3750, 0.0000)
            (0.0000, -0.2500,  0.0000, 0.0000)
            (0.0000,  0.0000, -6.0000, 1.0000)>
MESH
Wall_Top_Corner
<Matrix 4x4 (1.0000,  0.0000, 0.0000, 0.0000)
            (0.0000,  0.0000, 1.0000, 0.0000)
            (0.0000, -1.0000, 0.0000, 0.0000)
            (0.0000, 12.0000, 0.0000, 1.0000)>
MESH
Floor_Corner
<Matrix 4x4 (1.0000,  0.0000,  0.0000, 0.0000)
            (0.0000,  0.0000,  1.0000, 0.0000)
            (0.0000, -1.0000,  0.0000, 0.0000)
            (6.0000,  0.0000, -6.0000, 1.0000)>
MESH
Wall_Base_Corner
<Matrix 4x4 (1.0000,  0.0000,  0.0000, 0.0000)
            (0.0000,  0.0000,  1.0000, 0.0000)
            (0.0000, -1.0000,  0.0000, 0.0000)
            (6.0000,  0.0000, -6.0000, 1.0000)>
MESH
Wall_Middle_Corner
<Matrix 4x4 (1.0000,  0.0000,  0.0000, 0.0000)
            (0.0000,  0.0000,  1.0000, 0.0000)
            (0.0000, -1.0000,  0.0000, 0.0000)
            (6.0000,  6.0000, -6.0000, 1.0000)>
MESH
Wall_Base_Doorway
<Matrix 4x4 ( 1.0000,  0.0000, 0.0000, 0.0000)
            ( 0.0000,  0.0000, 0.5000, 0.0000)
            ( 0.0000, -1.0000, 0.0000, 0.0000)
            (-6.0000,  0.0000, 0.0000, 1.0000)>
MESH
Ceiling
<Matrix 4x4 (1.0000,  0.0000,  0.0000, 0.0000)
            (0.0000,  0.0000,  1.0000, 0.0000)
            (0.0000, -1.0000,  0.0000, 0.0000)
            (0.0000, 18.0000, -6.0000, 1.0000)>
MESH
Door_01
<Matrix 4x4 ( 1.0000,  0.0000, 0.0000, 0.0000)
            ( 0.0000,  0.0000, 0.5000, 0.0000)
            ( 0.0000, -1.0000, 0.0000, 0.0000)
            (-6.0000,  0.0000, 0.0000, 1.0000)>
MESH
Door_Handle_01
<Matrix 4x4 ( 0.0000, -1.0000,  0.0000, 0.0000)
            (-0.0000, -0.0000, -1.0000, 0.0000)
            ( 1.0000,  0.0000, -0.0000, 0.0000)
            (-3.8434,  1.4140, -0.1962, 1.0000)>
